"","SVM_LABEL","SVM_PROB"
"1","1",0.727075920014074
"2","1",0.739172867635249
"3","1",0.755876085305001
"4","1",0.755876085305001
"5","1",0.9409740948596
"6","1",0.715679727200601
"7","1",0.728872992752059
"8","1",0.860022431735161
"9","1",0.755876085305001
"10","1",0.755876085305001
"11","-1",0.634801864128117
"12","-1",0.634801864128117
"13","1",0.755876085305001
"14","1",0.712034856729872
"15","1",0.681655085539873
"16","-1",0.512203236363452
"17","1",0.755876085305001
"18","1",0.861740019154613
"19","1",0.755876085305001
"20","1",0.775295926897621
"21","1",0.553069596611104
"22","1",0.816402959947396
"23","1",0.756259948829309
"24","1",0.775295926897621
"25","1",0.755876085305001
"26","1",0.756259948829309
"27","1",0.755876085305001
"28","1",0.770584329165426
"29","1",0.72830715987875
"30","-1",0.514738041662714
"31","1",0.941437739494648
"32","1",0.857280304975992
"33","1",0.766328370417119
"34","1",0.656022480112978
"35","1",0.822120888804785
"36","1",0.817428244254582
"37","1",0.831451234553919
"38","-1",0.737672630089773
"39","1",0.755876085305001
"40","1",0.755876085305001
"41","1",0.756169266496189
"42","1",0.742767168674991
"43","1",0.760605303401954
"44","-1",0.547632105360882
"45","1",0.755876085305001
"46","1",0.570975301928283
"47","1",0.614220765624538
"48","1",0.831451234553919
"49","1",0.82383411781906
"50","-1",0.60069605681741
"51","1",0.755876085305001
"52","1",0.919983064845976
"53","1",0.755876085305001
"54","1",0.70826397249588
"55","1",0.935691853077194
"56","1",0.944973907243571
"57","1",0.679501286286189
"58","-1",0.64066822339525
"59","1",0.752285643042643
"60","1",0.752285643042643
"61","1",0.831451234553919
"62","1",0.831451234553919
"63","1",0.831451234553919
"64","1",0.755876085305001
"65","1",0.915059289269183
"66","1",0.644409704602415
"67","1",0.831451234553919
"68","1",0.835320661077556
"69","1",0.814216011604758
"70","1",0.814216011604758
"71","1",0.673859107852464
"72","1",0.847984697293931
"73","1",0.855249373483487
"74","1",0.755876085305001
"75","1",0.775992273292515
"76","1",0.83663779043652
"77","1",0.894912679062365
"78","1",0.758479101913587
"79","1",0.755876085305001
"80","1",0.83663779043652
"81","1",0.78163179405196
"82","1",0.800227322127886
"83","1",0.884540439572213
"84","1",0.837106993393334
"85","1",0.831451234553919
"86","1",0.770584329165426
"87","1",0.735683798591239
"88","1",0.831451234553919
"89","1",0.831451234553919
"90","1",0.831451234553919
"91","1",0.852253959680294
"92","1",0.775992273292515
"93","1",0.82455138843503
"94","1",0.755876085305001
"95","1",0.831451234553919
"96","1",0.763541287243394
"97","1",0.82455138843503
"98","1",0.831451234553919
"99","1",0.775992273292515
"100","1",0.736053077433211
"101","1",0.827077789350179
"102","-1",0.520637049558117
"103","1",0.755876085305001
"104","1",0.915930584396517
"105","1",0.980153336673177
"106","1",0.961190508256564
"107","1",0.961190508256564
"108","1",0.942967779908019
"109","1",0.984414002619809
"110","1",0.974502672505058
"111","1",0.952489632263696
"112","1",0.992628714738504
"113","1",0.850883597619796
"114","1",0.986854240279176
"115","1",0.813597721953739
"116","1",0.952489632263696
"117","1",0.990597613840665
"118","1",0.992796701944214
"119","1",0.969630860551719
"120","1",0.974502672505058
"121","1",0.983823690422787
"122","1",0.755876085305001
"123","1",0.767386992648083
"124","1",0.992796701944214
